#db   minDec                 maxDec                 decRange               minZone maxZone noOfZones minPartition maxPartition noOfPartitions
#---- ---------------------- ---------------------- ---------------------- ------- ------- --------- ------------ ------------ --------------
1    -90                    -35.8668831517919      54.1331168482081       1       6495    6494      1            150          150
2    -35.8668831517919      -18.3252864227643      17.5415967290276       6496    8600    2104      151          263          113
3    -18.3252864227643      -4.80867408589916      13.5166123368651       8601    10222   1621      264          362          99
4    -4.80867408589916      -0.0753596502888486    4.73331443561031       10223   10790   567       363          425          63
5    -0.0753596502888486    2.66629613901724       2.74165578930609       10791   11119   328       426          499          74
6    2.66629613901724       10.7662639026878       8.09996776367053       11120   12091   971       500          576          77
7    10.7662639026878       21.5995540424175       10.8332901397297       12092   13391   1299      577          677          101
8    21.5995540424175       34.1078370833887       12.5082830409712       13392   14892   1500      678          767          90
9    34.1078370833887       45.7744593772964       11.6666222939078       14893   16292   1399      768          855          88
10   45.7744593772964       90                     44.2255406227036       16293   32767   16474     856          999          144
