#partition,minZoneID,maxZoneID,minZone,maxZone,partitionHeightInZones,DB
1,52,570,1,570,569,1
2,571,817,571,817,246,1
3,818,1007,818,1007,189,1
4,1008,1185,1008,1185,177,1
5,1186,1328,1186,1328,142,1
6,1329,1413,1329,1413,84,1
7,1414,1496,1414,1496,82,1
8,1497,1578,1497,1578,81,1
9,1579,1651,1579,1651,72,1
10,1652,1717,1652,1717,65,1
11,1718,1767,1718,1767,49,1
12,1768,1813,1768,1813,45,1
13,1814,1862,1814,1862,48,1
14,1863,1909,1863,1909,46,1
15,1910,1955,1910,1955,45,1
16,1956,2007,1956,2007,51,1
17,2008,2061,2008,2061,53,1
18,2062,2101,2062,2101,39,1
19,2102,2130,2102,2130,28,1
20,2131,2160,2131,2160,29,1
21,2161,2191,2161,2191,30,1
22,2192,2236,2192,2236,44,1
23,2237,2282,2237,2282,45,1
24,2283,2324,2283,2324,41,1
25,2325,2367,2325,2367,42,1
26,2368,2413,2368,2413,45,1
27,2414,2462,2414,2462,48,1
28,2463,2511,2463,2511,48,1
29,2512,2559,2512,2559,47,1
30,2560,2605,2560,2605,45,1
31,2606,2651,2606,2651,45,1
32,2652,2698,2652,2698,46,1
33,2699,2747,2699,2747,48,1
34,2748,2795,2748,2795,47,1
35,2796,2844,2796,2844,48,1
36,2845,2891,2845,2891,46,1
37,2892,2934,2892,2934,42,1
38,2935,2974,2935,2974,39,1
39,2975,3012,2975,3012,37,1
40,3013,3050,3013,3050,37,1
41,3051,3091,3051,3091,40,1
42,3092,3134,3092,3134,42,1
43,3135,3184,3135,3184,49,1
44,3185,3240,3185,3240,55,1
45,3241,3299,3241,3299,58,1
46,3300,3353,3300,3353,53,1
47,3354,3405,3354,3405,51,1
48,3406,3461,3406,3461,55,1
49,3462,3508,3462,3508,46,1
50,3509,3549,3509,3549,40,1
51,3550,3592,3550,3592,42,1
52,3593,3643,3593,3643,50,1
53,3644,3695,3644,3695,51,1
54,3696,3742,3696,3742,46,1
55,3743,3791,3743,3791,48,1
56,3792,3840,3792,3840,48,1
57,3841,3889,3841,3889,48,1
58,3890,3935,3890,3935,45,1
59,3936,3982,3936,3982,46,1
60,3983,4028,3983,4028,45,1
61,4029,4072,4029,4072,43,1
62,4073,4116,4073,4116,43,1
63,4117,4156,4117,4156,39,1
64,4157,4195,4157,4195,38,1
65,4196,4231,4196,4231,35,1
66,4232,4267,4232,4267,35,1
67,4268,4305,4268,4305,37,1
68,4306,4343,4306,4343,37,1
69,4344,4377,4344,4377,33,1
70,4378,4409,4378,4409,31,1
71,4410,4440,4410,4440,30,1
72,4441,4471,4441,4471,30,1
73,4472,4506,4472,4506,34,1
74,4507,4541,4507,4541,34,1
75,4542,4576,4542,4576,34,1
76,4577,4611,4577,4611,34,1
77,4612,4647,4612,4647,35,1
78,4648,4681,4648,4681,33,1
79,4682,4719,4682,4719,37,1
80,4720,4758,4720,4758,38,1
81,4759,4788,4759,4788,29,1
82,4789,4814,4789,4814,25,1
83,4815,4839,4815,4839,24,1
84,4840,4860,4840,4860,20,1
85,4861,4880,4861,4880,19,1
86,4881,4901,4881,4901,20,1
87,4902,4924,4902,4924,22,1
88,4925,4945,4925,4945,20,1
89,4946,4965,4946,4965,19,1
90,4966,4987,4966,4987,21,1
91,4988,5011,4988,5011,23,1
92,5012,5036,5012,5036,24,1
93,5037,5063,5037,5063,26,1
94,5064,5096,5064,5096,32,1
95,5097,5130,5097,5130,33,1
96,5131,5164,5131,5164,33,1
97,5165,5195,5165,5195,30,1
98,5196,5227,5196,5227,31,1
99,5228,5258,5228,5258,30,1
100,5259,5290,5259,5290,31,1
101,5291,5324,5291,5324,33,1
102,5325,5356,5325,5356,31,1
103,5357,5383,5357,5383,26,1
104,5384,5408,5384,5408,24,1
105,5409,5431,5409,5431,22,1
106,5432,5452,5432,5452,20,1
107,5453,5472,5453,5472,19,1
108,5473,5490,5473,5490,17,1
109,5491,5508,5491,5508,17,1
110,5509,5525,5509,5525,16,1
111,5526,5541,5526,5541,15,1
112,5542,5559,5542,5559,17,1
113,5560,5578,5560,5578,18,1
114,5579,5596,5579,5596,17,1
115,5597,5615,5597,5615,18,1
116,5616,5637,5616,5637,21,1
117,5638,5659,5638,5659,21,1
118,5660,5681,5660,5681,21,1
119,5682,5703,5682,5703,21,1
120,5704,5725,5704,5725,21,1
121,5726,5747,5726,5747,21,1
122,5748,5767,5748,5767,19,1
123,5768,5787,5768,5787,19,1
124,5788,5807,5788,5807,19,1
125,5808,5828,5808,5828,20,1
126,5829,5852,5829,5852,23,1
127,5853,5881,5853,5881,28,1
128,5882,5913,5882,5913,31,1
129,5914,5942,5914,5942,28,1
130,5943,5971,5943,5971,28,1
131,5972,5999,5972,5999,27,1
132,6000,6027,6000,6027,27,1
133,6028,6054,6028,6054,26,1
134,6055,6083,6055,6083,28,1
135,6084,6113,6084,6113,29,1
136,6114,6143,6114,6143,29,1
137,6144,6174,6144,6174,30,1
138,6175,6206,6175,6206,31,1
139,6207,6233,6207,6233,26,1
140,6234,6256,6234,6256,22,1
141,6257,6280,6257,6280,23,1
142,6281,6304,6281,6304,23,1
143,6305,6327,6305,6327,22,1
144,6328,6353,6328,6353,25,1
145,6354,6378,6354,6378,24,1
146,6379,6403,6379,6403,24,1
147,6404,6426,6404,6426,22,1
148,6427,6450,6427,6450,23,1
149,6451,6473,6451,6473,22,1
150,6474,6495,6474,6495,21,1
151,6496,6515,6496,6515,19,2
152,6516,6536,6516,6536,20,2
153,6537,6556,6537,6556,19,2
154,6557,6578,6557,6578,21,2
155,6579,6598,6579,6598,19,2
156,6599,6621,6599,6621,22,2
157,6622,6645,6622,6645,23,2
158,6646,6669,6646,6669,23,2
159,6670,6693,6670,6693,23,2
160,6694,6715,6694,6715,21,2
161,6716,6737,6716,6737,21,2
162,6738,6759,6738,6759,21,2
163,6760,6782,6760,6782,22,2
164,6783,6806,6783,6806,23,2
165,6807,6829,6807,6829,22,2
166,6830,6854,6830,6854,24,2
167,6855,6878,6855,6878,23,2
168,6879,6900,6879,6900,21,2
169,6901,6921,6901,6921,20,2
170,6922,6942,6922,6942,20,2
171,6943,6963,6943,6963,20,2
172,6964,6984,6964,6984,20,2
173,6985,7005,6985,7005,20,2
174,7006,7027,7006,7027,21,2
175,7028,7050,7028,7050,22,2
176,7051,7073,7051,7073,22,2
177,7074,7096,7074,7096,22,2
178,7097,7117,7097,7117,20,2
179,7118,7137,7118,7137,19,2
180,7138,7156,7138,7156,18,2
181,7157,7175,7157,7175,18,2
182,7176,7193,7176,7193,17,2
183,7194,7212,7194,7212,18,2
184,7213,7230,7213,7230,17,2
185,7231,7248,7231,7248,17,2
186,7249,7265,7249,7265,16,2
187,7266,7281,7266,7281,15,2
188,7282,7295,7282,7295,13,2
189,7296,7309,7296,7309,13,2
190,7310,7323,7310,7323,13,2
191,7324,7337,7324,7337,13,2
192,7338,7350,7338,7350,12,2
193,7351,7363,7351,7363,12,2
194,7364,7376,7364,7376,12,2
195,7377,7389,7377,7389,12,2
196,7390,7401,7390,7401,11,2
197,7402,7412,7402,7412,10,2
198,7413,7423,7413,7423,10,2
199,7424,7433,7424,7433,9,2
200,7434,7444,7434,7444,10,2
201,7445,7455,7445,7455,10,2
202,7456,7464,7456,7464,8,2
203,7465,7473,7465,7473,8,2
204,7474,7483,7474,7483,9,2
205,7484,7493,7484,7493,9,2
206,7494,7502,7494,7502,8,2
207,7503,7513,7503,7513,10,2
208,7514,7523,7514,7523,9,2
209,7524,7533,7524,7533,9,2
210,7534,7545,7534,7545,11,2
211,7546,7558,7546,7558,12,2
212,7559,7571,7559,7571,12,2
213,7572,7585,7572,7585,13,2
214,7586,7600,7586,7600,14,2
215,7601,7617,7601,7617,16,2
216,7618,7634,7618,7634,16,2
217,7635,7651,7635,7651,16,2
218,7652,7669,7652,7669,17,2
219,7670,7689,7670,7689,19,2
220,7690,7709,7690,7709,19,2
221,7710,7729,7710,7729,19,2
222,7730,7749,7730,7749,19,2
223,7750,7768,7750,7768,18,2
224,7769,7787,7769,7787,18,2
225,7788,7806,7788,7806,18,2
226,7807,7824,7807,7824,17,2
227,7825,7841,7825,7841,16,2
228,7842,7858,7842,7858,16,2
229,7859,7875,7859,7875,16,2
230,7876,7893,7876,7893,17,2
231,7894,7912,7894,7912,18,2
232,7913,7932,7913,7932,19,2
233,7933,7953,7933,7953,20,2
234,7954,7974,7954,7974,20,2
235,7975,7994,7975,7994,19,2
236,7995,8014,7995,8014,19,2
237,8015,8032,8015,8032,17,2
238,8033,8050,8033,8050,17,2
239,8051,8068,8051,8068,17,2
240,8069,8085,8069,8085,16,2
241,8086,8104,8086,8104,18,2
242,8105,8122,8105,8122,17,2
243,8123,8142,8123,8142,19,2
244,8143,8163,8143,8163,20,2
245,8164,8185,8164,8185,21,2
246,8186,8206,8186,8206,20,2
247,8207,8228,8207,8228,21,2
248,8229,8250,8229,8250,21,2
249,8251,8273,8251,8273,22,2
250,8274,8295,8274,8295,21,2
251,8296,8316,8296,8316,20,2
252,8317,8339,8317,8339,22,2
253,8340,8363,8340,8363,23,2
254,8364,8388,8364,8388,24,2
255,8389,8412,8389,8412,23,2
256,8413,8436,8413,8436,23,2
257,8437,8461,8437,8461,24,2
258,8462,8485,8462,8485,23,2
259,8486,8509,8486,8509,23,2
260,8510,8532,8510,8532,22,2
261,8533,8556,8533,8556,23,2
262,8557,8580,8557,8580,23,2
263,8581,8600,8581,8600,19,2
264,8601,8617,8601,8617,16,3
265,8618,8633,8618,8633,15,3
266,8634,8650,8634,8650,16,3
267,8651,8666,8651,8666,15,3
268,8667,8683,8667,8683,16,3
269,8684,8701,8684,8701,17,3
270,8702,8720,8702,8720,18,3
271,8721,8743,8721,8743,22,3
272,8744,8768,8744,8768,24,3
273,8769,8792,8769,8792,23,3
274,8793,8818,8793,8818,25,3
275,8819,8842,8819,8842,23,3
276,8843,8867,8843,8867,24,3
277,8868,8891,8868,8891,23,3
278,8892,8916,8892,8916,24,3
279,8917,8941,8917,8941,24,3
280,8942,8966,8942,8966,24,3
281,8967,8992,8967,8992,25,3
282,8993,9018,8993,9018,25,3
283,9019,9043,9019,9043,24,3
284,9044,9066,9044,9066,22,3
285,9067,9087,9067,9087,20,3
286,9088,9107,9088,9107,19,3
287,9108,9127,9108,9127,19,3
288,9128,9145,9128,9145,17,3
289,9146,9163,9146,9163,17,3
290,9164,9180,9164,9180,16,3
291,9181,9198,9181,9198,17,3
292,9199,9218,9199,9218,19,3
293,9219,9238,9219,9238,19,3
294,9239,9257,9239,9257,18,3
295,9258,9277,9258,9277,19,3
296,9278,9297,9278,9297,19,3
297,9298,9316,9298,9316,18,3
298,9317,9335,9317,9335,18,3
299,9336,9352,9336,9352,16,3
300,9353,9367,9353,9367,14,3
301,9368,9384,9368,9384,16,3
302,9385,9401,9385,9401,16,3
303,9402,9419,9402,9419,17,3
304,9420,9437,9420,9437,17,3
305,9438,9455,9438,9455,17,3
306,9456,9472,9456,9472,16,3
307,9473,9489,9473,9489,16,3
308,9490,9507,9490,9507,17,3
309,9508,9523,9508,9523,15,3
310,9524,9537,9524,9537,13,3
311,9538,9550,9538,9550,12,3
312,9551,9564,9551,9564,13,3
313,9565,9577,9565,9577,12,3
314,9578,9591,9578,9591,13,3
315,9592,9605,9592,9605,13,3
316,9606,9618,9606,9618,12,3
317,9619,9632,9619,9632,13,3
318,9633,9646,9633,9646,13,3
319,9647,9660,9647,9660,13,3
320,9661,9675,9661,9675,14,3
321,9676,9690,9676,9690,14,3
322,9691,9706,9691,9706,15,3
323,9707,9722,9707,9722,15,3
324,9723,9738,9723,9738,15,3
325,9739,9755,9739,9755,16,3
326,9756,9773,9756,9773,17,3
327,9774,9791,9774,9791,17,3
328,9792,9808,9792,9808,16,3
329,9809,9824,9809,9824,15,3
330,9825,9839,9825,9839,14,3
331,9840,9854,9840,9854,14,3
332,9855,9869,9855,9869,14,3
333,9870,9883,9870,9883,13,3
334,9884,9898,9884,9898,14,3
335,9899,9912,9899,9912,13,3
336,9913,9925,9913,9925,12,3
337,9926,9940,9926,9940,14,3
338,9941,9956,9941,9956,15,3
339,9957,9972,9957,9972,15,3
340,9973,9986,9973,9986,13,3
341,9987,10001,9987,10001,14,3
342,10002,10014,10002,10014,12,3
343,10015,10027,10015,10027,12,3
344,10028,10041,10028,10041,13,3
345,10042,10055,10042,10055,13,3
346,10056,10069,10056,10069,13,3
347,10070,10081,10070,10081,11,3
348,10082,10092,10082,10092,10,3
349,10093,10102,10093,10102,9,3
350,10103,10112,10103,10112,9,3
351,10113,10122,10113,10122,9,3
352,10123,10131,10123,10131,8,3
353,10132,10141,10132,10141,9,3
354,10142,10151,10142,10151,9,3
355,10152,10161,10152,10161,9,3
356,10162,10171,10162,10171,9,3
357,10172,10180,10172,10180,8,3
358,10181,10189,10181,10189,8,3
359,10190,10197,10190,10197,7,3
360,10198,10205,10198,10205,7,3
361,10206,10213,10206,10213,7,3
362,10214,10222,10214,10222,8,3
363,10223,10230,10223,10230,7,4
364,10231,10239,10231,10239,8,4
365,10240,10248,10240,10248,8,4
366,10249,10256,10249,10256,7,4
367,10257,10265,10257,10265,8,4
368,10266,10274,10266,10274,8,4
369,10275,10283,10275,10283,8,4
370,10284,10291,10284,10291,7,4
371,10292,10299,10292,10299,7,4
372,10300,10308,10300,10308,8,4
373,10309,10317,10309,10317,8,4
374,10318,10327,10318,10327,9,4
375,10328,10337,10328,10337,9,4
376,10338,10349,10338,10349,11,4
377,10350,10361,10350,10361,11,4
378,10362,10372,10362,10372,10,4
379,10373,10383,10373,10383,10,4
380,10384,10394,10384,10394,10,4
381,10395,10405,10395,10405,10,4
382,10406,10416,10406,10416,10,4
383,10417,10428,10417,10428,11,4
384,10429,10441,10429,10441,12,4
385,10442,10455,10442,10455,13,4
386,10456,10469,10456,10469,13,4
387,10470,10482,10470,10482,12,4
388,10483,10495,10483,10495,12,4
389,10496,10507,10496,10507,11,4
390,10508,10520,10508,10520,12,4
391,10521,10534,10521,10534,13,4
392,10535,10549,10535,10549,14,4
393,10550,10564,10550,10564,14,4
394,10565,10578,10565,10578,13,4
395,10579,10591,10579,10591,12,4
396,10592,10601,10592,10601,9,4
397,10602,10612,10602,10612,10,4
398,10613,10622,10613,10622,9,4
399,10623,10632,10623,10632,9,4
400,10633,10642,10633,10642,9,4
401,10643,10652,10643,10652,9,4
402,10653,10662,10653,10662,9,4
403,10663,10671,10663,10671,8,4
404,10672,10680,10672,10680,8,4
405,10681,10688,10681,10688,7,4
406,10689,10695,10689,10695,6,4
407,10696,10702,10696,10702,6,4
408,10703,10709,10703,10709,6,4
409,10710,10717,10710,10717,7,4
410,10718,10724,10718,10724,6,4
411,10725,10731,10725,10731,6,4
412,10732,10739,10732,10739,7,4
413,10740,10744,10740,10744,4,4
414,10745,10749,10745,10749,4,4
415,10750,10753,10750,10753,3,4
416,10754,10758,10754,10758,4,4
417,10759,10762,10759,10762,3,4
418,10763,10766,10763,10766,3,4
419,10767,10770,10767,10770,3,4
420,10771,10773,10771,10773,2,4
421,10774,10777,10774,10777,3,4
422,10778,10780,10778,10780,2,4
423,10781,10783,10781,10783,2,4
424,10784,10786,10784,10786,2,4
425,10787,10790,10787,10790,3,4
426,10791,10793,10791,10793,2,5
427,10794,10796,10794,10796,2,5
428,10797,10798,10797,10798,1,5
429,10799,10801,10799,10801,2,5
430,10802,10804,10802,10804,2,5
431,10805,10807,10805,10807,2,5
432,10808,10809,10808,10809,1,5
433,10810,10812,10810,10812,2,5
434,10813,10815,10813,10815,2,5
435,10816,10817,10816,10817,1,5
436,10818,10820,10818,10820,2,5
437,10821,10823,10821,10823,2,5
438,10824,10825,10824,10825,1,5
439,10826,10828,10826,10828,2,5
440,10829,10831,10829,10831,2,5
441,10832,10833,10832,10833,1,5
442,10834,10836,10834,10836,2,5
443,10837,10839,10837,10839,2,5
444,10840,10841,10840,10841,1,5
445,10842,10844,10842,10844,2,5
446,10845,10847,10845,10847,2,5
447,10848,10850,10848,10850,2,5
448,10851,10853,10851,10853,2,5
449,10854,10856,10854,10856,2,5
450,10857,10859,10857,10859,2,5
451,10860,10861,10860,10861,1,5
452,10862,10865,10862,10865,3,5
453,10866,10868,10866,10868,2,5
454,10869,10870,10869,10870,1,5
455,10871,10874,10871,10874,3,5
456,10875,10877,10875,10877,2,5
457,10878,10880,10878,10880,2,5
458,10881,10884,10881,10884,3,5
459,10885,10887,10885,10887,2,5
460,10888,10891,10888,10891,3,5
461,10892,10894,10892,10894,2,5
462,10895,10898,10895,10898,3,5
463,10899,10902,10899,10902,3,5
464,10903,10905,10903,10905,2,5
465,10906,10909,10906,10909,3,5
466,10910,10913,10910,10913,3,5
467,10914,10917,10914,10917,3,5
468,10918,10922,10918,10922,4,5
469,10923,10927,10923,10927,4,5
470,10928,10932,10928,10932,4,5
471,10933,10938,10933,10938,5,5
472,10939,10944,10939,10944,5,5
473,10945,10950,10945,10950,5,5
474,10951,10956,10951,10956,5,5
475,10957,10963,10957,10963,6,5
476,10964,10969,10964,10969,5,5
477,10970,10975,10970,10975,5,5
478,10976,10981,10976,10981,5,5
479,10982,10986,10982,10986,4,5
480,10987,10992,10987,10992,5,5
481,10993,10998,10993,10998,5,5
482,10999,11004,10999,11004,5,5
483,11005,11010,11005,11010,5,5
484,11011,11016,11011,11016,5,5
485,11017,11022,11017,11022,5,5
486,11023,11029,11023,11029,6,5
487,11030,11035,11030,11035,5,5
488,11036,11042,11036,11042,6,5
489,11043,11049,11043,11049,6,5
490,11050,11056,11050,11056,6,5
491,11057,11063,11057,11063,6,5
492,11064,11070,11064,11070,6,5
493,11071,11077,11071,11077,6,5
494,11078,11084,11078,11084,6,5
495,11085,11091,11085,11091,6,5
496,11092,11098,11092,11098,6,5
497,11099,11105,11099,11105,6,5
498,11106,11112,11106,11112,6,5
499,11113,11119,11113,11119,6,5
500,11120,11127,11120,11127,7,6
501,11128,11136,11128,11136,8,6
502,11137,11145,11137,11145,8,6
503,11146,11154,11146,11154,8,6
504,11155,11164,11155,11164,9,6
505,11165,11174,11165,11174,9,6
506,11175,11184,11175,11184,9,6
507,11185,11193,11185,11193,8,6
508,11194,11202,11194,11202,8,6
509,11203,11211,11203,11211,8,6
510,11212,11220,11212,11220,8,6
511,11221,11230,11221,11230,9,6
512,11231,11240,11231,11240,9,6
513,11241,11250,11241,11250,9,6
514,11251,11261,11251,11261,10,6
515,11262,11271,11262,11271,9,6
516,11272,11280,11272,11280,8,6
517,11281,11289,11281,11289,8,6
518,11290,11299,11290,11299,9,6
519,11300,11307,11300,11307,7,6
520,11308,11316,11308,11316,8,6
521,11317,11326,11317,11326,9,6
522,11327,11335,11327,11335,8,6
523,11336,11345,11336,11345,9,6
524,11346,11355,11346,11355,9,6
525,11356,11364,11356,11364,8,6
526,11365,11374,11365,11374,9,6
527,11375,11383,11375,11383,8,6
528,11384,11392,11384,11392,8,6
529,11393,11402,11393,11402,9,6
530,11403,11411,11403,11411,8,6
531,11412,11422,11412,11422,10,6
532,11423,11433,11423,11433,10,6
533,11434,11444,11434,11444,10,6
534,11445,11456,11445,11456,11,6
535,11457,11468,11457,11468,11,6
536,11469,11480,11469,11480,11,6
537,11481,11491,11481,11491,10,6
538,11492,11503,11492,11503,11,6
539,11504,11516,11504,11516,12,6
540,11517,11529,11517,11529,12,6
541,11530,11543,11530,11543,13,6
542,11544,11558,11544,11558,14,6
543,11559,11572,11559,11572,13,6
544,11573,11585,11573,11585,12,6
545,11586,11597,11586,11597,11,6
546,11598,11610,11598,11610,12,6
547,11611,11623,11611,11623,12,6
548,11624,11636,11624,11636,12,6
549,11637,11649,11637,11649,12,6
550,11650,11662,11650,11662,12,6
551,11663,11675,11663,11675,12,6
552,11676,11688,11676,11688,12,6
553,11689,11701,11689,11701,12,6
554,11702,11716,11702,11716,14,6
555,11717,11731,11717,11731,14,6
556,11732,11747,11732,11747,15,6
557,11748,11763,11748,11763,15,6
558,11764,11778,11764,11778,14,6
559,11779,11793,11779,11793,14,6
560,11794,11810,11794,11810,16,6
561,11811,11827,11811,11827,16,6
562,11828,11844,11828,11844,16,6
563,11845,11861,11845,11861,16,6
564,11862,11877,11862,11877,15,6
565,11878,11894,11878,11894,16,6
566,11895,11911,11895,11911,16,6
567,11912,11928,11912,11928,16,6
568,11929,11945,11929,11945,16,6
569,11946,11961,11946,11961,15,6
570,11962,11978,11962,11978,16,6
571,11979,11996,11979,11996,17,6
572,11997,12015,11997,12015,18,6
573,12016,12034,12016,12034,18,6
574,12035,12052,12035,12052,17,6
575,12053,12071,12053,12071,18,6
576,12072,12091,12072,12091,19,6
577,12092,12111,12092,12111,19,7
578,12112,12127,12112,12127,15,7
579,12128,12139,12128,12139,11,7
580,12140,12150,12140,12150,10,7
581,12151,12161,12151,12161,10,7
582,12162,12171,12162,12171,9,7
583,12172,12181,12172,12181,9,7
584,12182,12191,12182,12191,9,7
585,12192,12202,12192,12202,10,7
586,12203,12212,12203,12212,9,7
587,12213,12221,12213,12221,8,7
588,12222,12230,12222,12230,8,7
589,12231,12238,12231,12238,7,7
590,12239,12246,12239,12246,7,7
591,12247,12254,12247,12254,7,7
592,12255,12262,12255,12262,7,7
593,12263,12272,12263,12272,9,7
594,12273,12281,12273,12281,8,7
595,12282,12291,12282,12291,9,7
596,12292,12300,12292,12300,8,7
597,12301,12310,12301,12310,9,7
598,12311,12318,12311,12318,7,7
599,12319,12326,12319,12326,7,7
600,12327,12334,12327,12334,7,7
601,12335,12342,12335,12342,7,7
602,12343,12349,12343,12349,6,7
603,12350,12357,12350,12357,7,7
604,12358,12365,12358,12365,7,7
605,12366,12374,12366,12374,8,7
606,12375,12384,12375,12384,9,7
607,12385,12393,12385,12393,8,7
608,12394,12402,12394,12402,8,7
609,12403,12411,12403,12411,8,7
610,12412,12420,12412,12420,8,7
611,12421,12430,12421,12430,9,7
612,12431,12439,12431,12439,8,7
613,12440,12449,12440,12449,9,7
614,12450,12460,12450,12460,10,7
615,12461,12473,12461,12473,12,7
616,12474,12486,12474,12486,12,7
617,12487,12499,12487,12499,12,7
618,12500,12512,12500,12512,12,7
619,12513,12524,12513,12524,11,7
620,12525,12537,12525,12537,12,7
621,12538,12550,12538,12550,12,7
622,12551,12563,12551,12563,12,7
623,12564,12576,12564,12576,12,7
624,12577,12591,12577,12591,14,7
625,12592,12606,12592,12606,14,7
626,12607,12620,12607,12620,13,7
627,12621,12635,12621,12635,14,7
628,12636,12650,12636,12650,14,7
629,12651,12664,12651,12664,13,7
630,12665,12680,12665,12680,15,7
631,12681,12695,12681,12695,14,7
632,12696,12712,12696,12712,16,7
633,12713,12728,12713,12728,15,7
634,12729,12745,12729,12745,16,7
635,12746,12761,12746,12761,15,7
636,12762,12775,12762,12775,13,7
637,12776,12788,12776,12788,12,7
638,12789,12799,12789,12799,10,7
639,12800,12809,12800,12809,9,7
640,12810,12819,12810,12819,9,7
641,12820,12828,12820,12828,8,7
642,12829,12836,12829,12836,7,7
643,12837,12845,12837,12845,8,7
644,12846,12853,12846,12853,7,7
645,12854,12861,12854,12861,7,7
646,12862,12869,12862,12869,7,7
647,12870,12877,12870,12877,7,7
648,12878,12885,12878,12885,7,7
649,12886,12894,12886,12894,8,7
650,12895,12903,12895,12903,8,7
651,12904,12913,12904,12913,9,7
652,12914,12924,12914,12924,10,7
653,12925,12936,12925,12936,11,7
654,12937,12949,12937,12949,12,7
655,12950,12968,12950,12968,18,7
656,12969,12986,12969,12986,17,7
657,12987,13004,12987,13004,17,7
658,13005,13023,13005,13023,18,7
659,13024,13042,13024,13042,18,7
660,13043,13060,13043,13060,17,7
661,13061,13079,13061,13079,18,7
662,13080,13098,13080,13098,18,7
663,13099,13117,13099,13117,18,7
664,13118,13138,13118,13138,20,7
665,13139,13159,13139,13159,20,7
666,13160,13179,13160,13179,19,7
667,13180,13198,13180,13198,18,7
668,13199,13217,13199,13217,18,7
669,13218,13236,13218,13236,18,7
670,13237,13256,13237,13256,19,7
671,13257,13274,13257,13274,17,7
672,13275,13292,13275,13292,17,7
673,13293,13311,13293,13311,18,7
674,13312,13331,13312,13331,19,7
675,13332,13351,13332,13351,19,7
676,13352,13371,13352,13371,19,7
677,13372,13391,13372,13391,19,7
678,13392,13410,13392,13410,18,8
679,13411,13427,13411,13427,16,8
680,13428,13445,13428,13445,17,8
681,13446,13463,13446,13463,17,8
682,13464,13480,13464,13480,16,8
683,13481,13497,13481,13497,16,8
684,13498,13514,13498,13514,16,8
685,13515,13533,13515,13533,18,8
686,13534,13552,13534,13552,18,8
687,13553,13572,13553,13572,19,8
688,13573,13592,13573,13592,19,8
689,13593,13612,13593,13612,19,8
690,13613,13633,13613,13633,20,8
691,13634,13653,13634,13653,19,8
692,13654,13675,13654,13675,21,8
693,13676,13696,13676,13696,20,8
694,13697,13717,13697,13717,20,8
695,13718,13738,13718,13738,20,8
696,13739,13758,13739,13758,19,8
697,13759,13777,13759,13777,18,8
698,13778,13795,13778,13795,17,8
699,13796,13812,13796,13812,16,8
700,13813,13828,13813,13828,15,8
701,13829,13844,13829,13844,15,8
702,13845,13860,13845,13860,15,8
703,13861,13876,13861,13876,15,8
704,13877,13892,13877,13892,15,8
705,13893,13909,13893,13909,16,8
706,13910,13925,13910,13925,15,8
707,13926,13942,13926,13942,16,8
708,13943,13958,13943,13958,15,8
709,13959,13974,13959,13974,15,8
710,13975,13991,13975,13991,16,8
711,13992,14008,13992,14008,16,8
712,14009,14025,14009,14025,16,8
713,14026,14040,14026,14040,14,8
714,14041,14054,14041,14054,13,8
715,14055,14067,14055,14067,12,8
716,14068,14080,14068,14080,12,8
717,14081,14092,14081,14092,11,8
718,14093,14104,14093,14104,11,8
719,14105,14116,14105,14116,11,8
720,14117,14129,14117,14129,12,8
721,14130,14141,14130,14141,11,8
722,14142,14155,14142,14155,13,8
723,14156,14170,14156,14170,14,8
724,14171,14188,14171,14188,17,8
725,14189,14205,14189,14205,16,8
726,14206,14223,14206,14223,17,8
727,14224,14241,14224,14241,17,8
728,14242,14259,14242,14259,17,8
729,14260,14278,14260,14278,18,8
730,14279,14296,14279,14296,17,8
731,14297,14312,14297,14312,15,8
732,14313,14329,14313,14329,16,8
733,14330,14346,14330,14346,16,8
734,14347,14363,14347,14363,16,8
735,14364,14379,14364,14379,15,8
736,14380,14395,14380,14395,15,8
737,14396,14411,14396,14411,15,8
738,14412,14427,14412,14427,15,8
739,14428,14444,14428,14444,16,8
740,14445,14461,14445,14461,16,8
741,14462,14479,14462,14479,17,8
742,14480,14496,14480,14496,16,8
743,14497,14514,14497,14514,17,8
744,14515,14531,14515,14531,16,8
745,14532,14548,14532,14548,16,8
746,14549,14566,14549,14566,17,8
747,14567,14584,14567,14584,17,8
748,14585,14601,14585,14601,16,8
749,14602,14619,14602,14619,17,8
750,14620,14637,14620,14637,17,8
751,14638,14655,14638,14655,17,8
752,14656,14672,14656,14672,16,8
753,14673,14689,14673,14689,16,8
754,14690,14705,14690,14705,15,8
755,14706,14721,14706,14721,15,8
756,14722,14735,14722,14735,13,8
757,14736,14750,14736,14750,14,8
758,14751,14765,14751,14765,14,8
759,14766,14779,14766,14779,13,8
760,14780,14793,14780,14793,13,8
761,14794,14807,14794,14807,13,8
762,14808,14822,14808,14822,14,8
763,14823,14836,14823,14836,13,8
764,14837,14851,14837,14851,14,8
765,14852,14865,14852,14865,13,8
766,14866,14880,14866,14880,14,8
767,14881,14892,14881,14892,11,8
768,14893,14905,14893,14905,12,9
769,14906,14917,14906,14917,11,9
770,14918,14928,14918,14928,10,9
771,14929,14939,14929,14939,10,9
772,14940,14949,14940,14949,9,9
773,14950,14959,14950,14959,9,9
774,14960,14969,14960,14969,9,9
775,14970,14978,14970,14978,8,9
776,14979,14988,14979,14988,9,9
777,14989,14997,14989,14997,8,9
778,14998,15006,14998,15006,8,9
779,15007,15016,15007,15016,9,9
780,15017,15026,15017,15026,9,9
781,15027,15038,15027,15038,11,9
782,15039,15049,15039,15049,10,9
783,15050,15061,15050,15061,11,9
784,15062,15074,15062,15074,12,9
785,15075,15088,15075,15088,13,9
786,15089,15104,15089,15104,15,9
787,15105,15120,15105,15120,15,9
788,15121,15137,15121,15137,16,9
789,15138,15155,15138,15155,17,9
790,15156,15173,15156,15173,17,9
791,15174,15192,15174,15192,18,9
792,15193,15211,15193,15211,18,9
793,15212,15232,15212,15232,20,9
794,15233,15255,15233,15255,22,9
795,15256,15278,15256,15278,22,9
796,15279,15300,15279,15300,21,9
797,15301,15321,15301,15321,20,9
798,15322,15343,15322,15343,21,9
799,15344,15363,15344,15363,19,9
800,15364,15385,15364,15385,21,9
801,15386,15406,15386,15406,20,9
802,15407,15428,15407,15428,21,9
803,15429,15449,15429,15449,20,9
804,15450,15469,15450,15469,19,9
805,15470,15489,15470,15489,19,9
806,15490,15508,15490,15508,18,9
807,15509,15526,15509,15526,17,9
808,15527,15544,15527,15544,17,9
809,15545,15562,15545,15562,17,9
810,15563,15578,15563,15578,15,9
811,15579,15593,15579,15593,14,9
812,15594,15608,15594,15608,14,9
813,15609,15623,15609,15623,14,9
814,15624,15637,15624,15637,13,9
815,15638,15652,15638,15652,14,9
816,15653,15665,15653,15665,12,9
817,15666,15678,15666,15678,12,9
818,15679,15690,15679,15690,11,9
819,15691,15702,15691,15702,11,9
820,15703,15714,15703,15714,11,9
821,15715,15725,15715,15725,10,9
822,15726,15735,15726,15735,9,9
823,15736,15746,15736,15746,10,9
824,15747,15757,15747,15757,10,9
825,15758,15768,15758,15768,10,9
826,15769,15779,15769,15779,10,9
827,15780,15789,15780,15789,9,9
828,15790,15801,15790,15801,11,9
829,15802,15813,15802,15813,11,9
830,15814,15826,15814,15826,12,9
831,15827,15839,15827,15839,12,9
832,15840,15852,15840,15852,12,9
833,15853,15865,15853,15865,12,9
834,15866,15878,15866,15878,12,9
835,15879,15892,15879,15892,13,9
836,15893,15906,15893,15906,13,9
837,15907,15922,15907,15922,15,9
838,15923,15940,15923,15940,17,9
839,15941,15959,15941,15959,18,9
840,15960,15978,15960,15978,18,9
841,15979,15999,15979,15999,20,9
842,16000,16020,16000,16020,20,9
843,16021,16040,16021,16040,19,9
844,16041,16060,16041,16060,19,9
845,16061,16079,16061,16079,18,9
846,16080,16098,16080,16098,18,9
847,16099,16117,16099,16117,18,9
848,16118,16137,16118,16137,19,9
849,16138,16158,16138,16158,20,9
850,16159,16180,16159,16180,21,9
851,16181,16203,16181,16203,22,9
852,16204,16226,16204,16226,22,9
853,16227,16248,16227,16248,21,9
854,16249,16270,16249,16270,21,9
855,16271,16292,16271,16292,21,9
856,16293,16315,16293,16315,22,10
857,16316,16337,16316,16337,21,10
858,16338,16361,16338,16361,23,10
859,16362,16384,16362,16384,22,10
860,16385,16406,16385,16406,21,10
861,16407,16427,16407,16427,20,10
862,16428,16447,16428,16447,19,10
863,16448,16468,16448,16468,20,10
864,16469,16488,16469,16488,19,10
865,16489,16509,16489,16509,20,10
866,16510,16529,16510,16529,19,10
867,16530,16550,16530,16550,20,10
868,16551,16572,16551,16572,21,10
869,16573,16595,16573,16595,22,10
870,16596,16618,16596,16618,22,10
871,16619,16640,16619,16640,21,10
872,16641,16662,16641,16662,21,10
873,16663,16686,16663,16686,23,10
874,16687,16709,16687,16709,22,10
875,16710,16732,16710,16732,22,10
876,16733,16755,16733,16755,22,10
877,16756,16780,16756,16780,24,10
878,16781,16805,16781,16805,24,10
879,16806,16829,16806,16829,23,10
880,16830,16854,16830,16854,24,10
881,16855,16879,16855,16879,24,10
882,16880,16904,16880,16904,24,10
883,16905,16930,16905,16930,25,10
884,16931,16956,16931,16956,25,10
885,16957,16984,16957,16984,27,10
886,16985,17013,16985,17013,28,10
887,17014,17042,17014,17042,28,10
888,17043,17068,17043,17068,25,10
889,17069,17085,17069,17085,16,10
890,17086,17099,17086,17099,13,10
891,17100,17112,17100,17112,12,10
892,17113,17125,17113,17125,12,10
893,17126,17138,17126,17138,12,10
894,17139,17150,17139,17150,11,10
895,17151,17163,17151,17163,12,10
896,17164,17176,17164,17176,12,10
897,17177,17190,17177,17190,13,10
898,17191,17206,17191,17206,15,10
899,17207,17226,17207,17226,19,10
900,17227,17246,17227,17246,19,10
901,17247,17264,17247,17264,17,10
902,17265,17280,17265,17280,15,10
903,17281,17297,17281,17297,16,10
904,17298,17314,17298,17314,16,10
905,17315,17332,17315,17332,17,10
906,17333,17350,17333,17350,17,10
907,17351,17368,17351,17368,17,10
908,17369,17385,17369,17385,16,10
909,17386,17403,17386,17403,17,10
910,17404,17421,17404,17421,17,10
911,17422,17438,17422,17438,16,10
912,17439,17455,17439,17455,16,10
913,17456,17472,17456,17472,16,10
914,17473,17490,17473,17490,17,10
915,17491,17508,17491,17508,17,10
916,17509,17527,17509,17527,18,10
917,17528,17546,17528,17546,18,10
918,17547,17564,17547,17564,17,10
919,17565,17580,17565,17580,15,10
920,17581,17596,17581,17596,15,10
921,17597,17612,17597,17612,15,10
922,17613,17628,17613,17628,15,10
923,17629,17644,17629,17644,15,10
924,17645,17661,17645,17661,16,10
925,17662,17679,17662,17679,17,10
926,17680,17696,17680,17696,16,10
927,17697,17715,17697,17715,18,10
928,17716,17733,17716,17733,17,10
929,17734,17750,17734,17750,16,10
930,17751,17766,17751,17766,15,10
931,17767,17781,17767,17781,14,10
932,17782,17796,17782,17796,14,10
933,17797,17811,17797,17811,14,10
934,17812,17826,17812,17826,14,10
935,17827,17840,17827,17840,13,10
936,17841,17854,17841,17854,13,10
937,17855,17868,17855,17868,13,10
938,17869,17881,17869,17881,12,10
939,17882,17895,17882,17895,13,10
940,17896,17909,17896,17909,13,10
941,17910,17924,17910,17924,14,10
942,17925,17939,17925,17939,14,10
943,17940,17955,17940,17955,15,10
944,17956,17971,17956,17971,15,10
945,17972,17990,17972,17990,18,10
946,17991,18010,17991,18010,19,10
947,18011,18031,18011,18031,20,10
948,18032,18055,18032,18055,23,10
949,18056,18081,18056,18081,25,10
950,18082,18109,18082,18109,27,10
951,18110,18141,18110,18141,31,10
952,18142,18176,18142,18176,34,10
953,18177,18208,18177,18208,31,10
954,18209,18231,18209,18231,22,10
955,18232,18252,18232,18252,20,10
956,18253,18273,18253,18273,20,10
957,18274,18294,18274,18294,20,10
958,18295,18318,18295,18318,23,10
959,18319,18354,18319,18354,35,10
960,18355,18396,18355,18396,41,10
961,18397,18435,18397,18435,38,10
962,18436,18471,18436,18471,35,10
963,18472,18506,18472,18506,34,10
964,18507,18546,18507,18546,39,10
965,18547,18589,18547,18589,42,10
966,18590,18639,18590,18639,49,10
967,18640,18687,18640,18687,47,10
968,18688,18725,18688,18725,37,10
969,18726,18757,18726,18757,31,10
970,18758,18786,18758,18786,28,10
971,18787,18816,18787,18816,29,10
972,18817,18853,18817,18853,36,10
973,18854,18901,18854,18901,47,10
974,18902,18951,18902,18951,49,10
975,18952,18996,18952,18996,44,10
976,18997,19047,18997,19047,50,10
977,19048,19102,19048,19102,54,10
978,19103,19159,19103,19159,56,10
979,19160,19214,19160,19214,54,10
980,19215,19270,19215,19270,55,10
981,19271,19326,19271,19326,55,10
982,19327,19387,19327,19387,60,10
983,19388,19459,19388,19459,71,10
984,19460,19535,19460,19535,75,10
985,19536,19602,19536,19602,66,10
986,19603,19671,19603,19671,68,10
987,19672,19743,19672,19743,71,10
988,19744,19818,19744,19818,74,10
989,19819,19896,19819,19896,77,10
990,19897,19978,19897,19978,81,10
991,19979,20063,19979,20063,84,10
992,20064,20150,20064,20150,86,10
993,20151,20231,20151,20231,80,10
994,20232,20307,20232,20307,75,10
995,20308,20406,20308,20406,98,10
996,20407,20517,20407,20517,110,10
997,20518,20648,20518,20648,130,10
998,20649,20802,20649,20802,153,10
999,20803,21547,20803,32767,11964,10
